  -0.0017460912931710482 -0.0008567571640014648
  -0.0004960289807058871 -0.0008775591850280762
  -0.00031830219086259604 -0.000883638858795166
  -0.0003606904938351363 -0.0008879899978637695
  -0.0003463876782916486 -0.0008946061134338379
  -0.0002541067951824516 -0.0008981823921203613
  -0.00016061404312495142 -0.000899195671081543
  -0.0003156399179715663 -0.0009014010429382324
  -0.00024259484780486673 -0.0009052753448486328
  -0.00020900479285046458 -0.0009086132049560547
  -0.0001343602198176086 -0.0009107589721679688
  -0.00017251189274247736 -0.0009138584136962891
  -0.00011611376976361498 -0.0009159445762634277
  -0.00010218279203400016 -0.0009176135063171387
  -0.00008927599992603064 -0.0009188652038574219
  -0.00005681200127582997 -0.0009201169013977051
  -0.00003826114334515296 -0.0009206533432006836
  -0.000035010194551432505 -0.0009212493896484375
  -0.000021006117094657384 -0.0009216070175170898
  -0.00001261774650629377 -0.000921785831451416
  -0.0000033018632166204043 -0.0009218454360961914
  0.000007924470992293209 -0.0009217262268066406
  0.000006256161668716231 -0.0009216070175170898
  0.000015848941984586418 -0.0009213685989379883
  0.000022287575120572 -0.0009210109710693359
  0.000019864226487698033 -0.0009206533432006836
  0.00001600281393621117 -0.000920414924621582
  0.00003177029429934919 -0.0009198784828186035
  0.000024710228899493814 -0.0009194612503051758
  0.00002000351742026396 -0.0009191632270812988
  0.000031584502721671015 -0.0009185671806335449
  0.0000232435322686797 -0.0009182095527648926
  0.00002958910226880107 -0.0009176731109619141
  0.00002958910226880107 -0.0009171962738037109
  0.000023013746613287367 -0.0009167790412902832
  0.000027616497391136363 -0.0009163618087768555
  0.000024917140763136558 -0.0009158849716186523
  0.00002968118860735558 -0.0009154677391052246
  0.000019920327758882195 -0.0009151101112365723
  0.00001992032593989279 -0.0009148120880126953
  0.00002988048981933389 -0.0009142756462097168
  0.00001992032593989279 -0.0009139776229858398
  0.00002091634269163478 -0.0009135603904724121
  0.000022154032194521278 -0.0009132027626037598
  0.000019886549125658348 -0.0009129047393798828
  0.00002456573747622315 -0.0009124875068664551
  0.000016572124877711758 -0.0009121894836425781
  0.00002386386040598154 -0.0009118318557739258
  0.000016572124877711758 -0.0009115338325500488
  0.000023395452444674447 -0.0009111166000366211
  0.000014935228136891965 -0.0009108781814575195
  0.000025603249014238827 -0.0009105205535888672
  0.000014935229046386667 -0.0009102225303649902
  0.000023896365746622905 -0.0009098649024963379
  0.000018669035853235982 -0.0009095668792724609
  0.000018735468984232284 -0.000909268856048584
  0.00001572963265061844 -0.000908970832824707
  0.0000256168295891257 -0.0009086132049560547
  0.00001758017788233701 -0.0009083151817321777
  0.000016603502444922924 -0.0009080171585083008
  0.00001572963265061844 -0.0009077191352844238
  0.00001855616574175656 -0.0009074211120605469
  0.00002088433211611118 -0.0009070634841918945
  0.000021132955225766636 -0.0009067654609680176
  0.000015571649782941677 -0.0009064674377441406
  0.00001972409154404886 -0.0009061694145202637
  0.000013922887774242554 -0.0009059309959411621
  0.00002150731233996339 -0.0009055733680725098
  0.000017645206753513776 -0.0009052753448486328
  0.00001845960105129052 -0.0009050369262695312
  0.00001799811070668511 -0.0009046792984008789
  0.00001599832103238441 -0.0009044408798217773
  0.000018748032744042575 -0.0009041428565979004
  0.000020591252905433066 -0.0009037256240844727
  0.000019745222743949853 -0.0009034276008605957
  0.000016454352589789778 -0.0009031295776367188
  0.000019745222743949853 -0.0009028315544128418
  0.000018705999536905438 -0.0009024739265441895
  0.000017422255041310564 -0.0009021759033203125
  0.000021865356757189147 -0.0009018778800964355
  0.000017660084267845377 -0.0009015798568725586
  0.000016011810657801107 -0.000901341438293457
  0.00002001476241275668 -0.0009009838104248047
  0.000015011072719062213 -0.0009007453918457031
  0.00002001476241275668 -0.0009003877639770508
  0.000019294202502351254 -0.0009000897407531738
  0.000018207178072771057 -0.0008996129035949707
  0.000015571929907309823 -0.0008993148803710938
  0.000021517573259188794 -0.0008990764617919922
  0.000013655384464072995 -0.000898897647857666
  0.00002180070077884011 -0.0008984804153442383
  0.000014863208889437374 -0.0008983016014099121
  0.000017929012756212614 -0.0008979439735412598
  0.000021344061678973958 -0.0008976459503173828
  0.000018676055333344266 -0.0008973479270935059
  0.000015727204299764708 -0.0008970499038696289
  0.00001992112629523035 -0.000896751880645752
  0.00001782619619916659 -0.000896453857421875
  0.000018543856640462764 -0.000896155834197998
  0.00001745304325595498 -0.0008958578109741211
  0.000018543856640462764 -0.0008955597877502441
  0.00001745304325595498 -0.0008952617645263672
  0.00001745304325595498 -0.0008949637413024902
  0.000018275151887792163 -0.0008946657180786133
  0.00002109441629727371 -0.0008943080902099609
  0.000014941877452656627 -0.0008940696716308594
  0.000014062943591852672 -0.0008938312530517578
  0.000018873950466513634 -0.0008934736251831055
  0.000018677346815820783 -0.0008931756019592285
  0.000017568401744938456 -0.0008928775787353516
  0.000019920686099794693 -0.0008925795555114746
  0.00001572685687278863 -0.0008922815322875977
  0.000012806155609723646 -0.0008921027183532715
  0.000024607907107565552 -0.0008916854858398438
  0.00001572685687278863 -0.0008913874626159668
  0.00001992384932236746 -0.0008910894393920898
  0.000018676055333344266 -0.0008907914161682129
  0.000016600937669863924 -0.0008904933929443359
  0.00001992112629523035 -0.000890195369720459
  0.000011205632290511858 -0.0008900165557861328
  0.00001757746395014692 -0.0008897185325622559
  0.000020320438125054352 -0.0008893609046936035
  0.000015632780559826642 -0.0008890628814697266
  0.000018563929188530892 -0.0008887648582458496
  0.000018563929188530892 -0.0008884668350219727
  0.000014851143532723654 -0.0008882284164428711
  0.000018563929188530892 -0.0008879303932189941
  0.000019402197722229175 -0.0008875727653503418
  0.000018671767975320108 -0.0008872747421264648
  0.000015933241229504347 -0.0008870363235473633
  0.000021088113498990424 -0.0008866786956787109
  0.000013277701327751856 -0.0008864402770996094
  0.000018671767975320108 -0.0008861422538757324
  0.000014310116966953501 -0.0008859038352966309
  0.000017458985894336365 -0.0008856058120727539
  0.00002095078343700152 -0.0008852481842041016
  0.000013191234756959602 -0.000885009765625
  0.000016489044355694205 -0.000884711742401123
  0.000022260208424995653 -0.0008843541145324707
  0.000012764714483637363 -0.0008841753005981445
  0.000022270387489697896 -0.0008838176727294922
  0.00001562834222568199 -0.0008835196495056152
  0.00001484692438680213 -0.0008832812309265137
  0.000018558655938250013 -0.0008829832077026367
  0.00001319726652582176 -0.0008827447891235352
  0.000019995706679765135 -0.0008824467658996582
  0.000018758379155769944 -0.0008821487426757812
  0.000016007150406949222 -0.0008819103240966797
  0.000014123955224931706 -0.0008816719055175781
  0.000020008938008686528 -0.0008813142776489258
  0.000014123955224931706 -0.0008810758590698242
  0.000019905994122382253 -0.0008807182312011719
  0.000013982437849335838 -0.0008804798126220703
  0.00001980845263460651 -0.0008801817893981934
  0.00001650704325584229 -0.0008798837661743164
  0.000013982437849335838 -0.0008796453475952148
  0.000020973655409761705 -0.0008792877197265625
  0.00001595638423168566 -0.0008790493011474609
  0.000014870660379529 -0.0008788108825683594
  0.000020993873476982117 -0.000878453254699707
  0.000012522661563707516 -0.0008782148361206055
  0.000019827548385364935 -0.0008779168128967285
  0.00001858832547441125 -0.0008776187896728516
  0.000018568751329439692 -0.0008773207664489746
  0.00001334094486082904 -0.000877082347869873
  0.000016009133105399087 -0.0008768439292907715
  0.000018958184227813035 -0.0008764863014221191
  0.000012864481504948344 -0.000876307487487793
  0.000018958184227813035 -0.0008759498596191406
  0.00001817265547288116 -0.0008756518363952637
  0.000013154355656297412 -0.0008754134178161621
  0.00001973153484868817 -0.0008751153945922852
  0.000013928141925134696 -0.0008748769760131836
  0.00001741017695167102 -0.0008745789527893066
  0.00001741017695167102 -0.0008742809295654297
  0.000011853991964017041 -0.0008741021156311035
  0.00001992126453842502 -0.0008737444877624512
  0.00001992126453842502 -0.0008734464645385742
  0.000013280843631946482 -0.0008732080459594727
  0.000018676184481591918 -0.0008729100227355957
  0.000015727315258118324 -0.0008726119995117188
  0.000014938907952455338 -0.0008723735809326172
  0.000019920866179745644 -0.0008720755577087402
  0.00001406178853358142 -0.0008718371391296387
  0.000017577234757482074 -0.0008715391159057617
  0.000016600721210124902 -0.0008712410926818848
  0.000015936691852402873 -0.0008710026741027832
  0.00001861115924839396 -0.0008707046508789062
  0.000012457543562049977 -0.0008704662322998047
  0.000019724442609003745 -0.0008701682090759277
  0.000013149629012332298 -0.0008699297904968262
  0.000018491664377506822 -0.0008696317672729492
  0.000018491664377506822 -0.0008693337440490723
  0.000012799993783119135 -0.0008690953254699707
  0.000012856286048190668 -0.0008689165115356445
  0.000018946104319184087 -0.0008685588836669922
  0.000014999000086390879 -0.0008683204650878906
  0.000015998932212824002 -0.0008680820465087891
  0.000018748751244856976 -0.0008677840232849121
  0.000016261832570307888 -0.0008674860000610352
  0.00001557777613925282 -0.0008671879768371582
  0.00001691301258688327 -0.0008669495582580566
  0.000014798885786149185 -0.0008667111396789551
  0.00001973184771486558 -0.0008662939071655273
  0.000011839108992717229 -0.0008661150932312012
  0.000016981664884951897 -0.0008658766746520996
  0.000012586509001266677 -0.000865638256072998
  0.000016492667782586068 -0.0008651614189147949
  0.000016814788978081197 -0.0008646249771118164
  0.000009964319360733498 -0.000864565372467041
  0.000019721794160432182 -0.0008643269538879395
  0.000014928585187590215 -0.0008641481399536133
  0.000013780231711280067 -0.0008639693260192871
  0.000018373642888036557 -0.0008637309074401855
  0.00001582391996635124 -0.0008626580238342285
  0.000016296569810947403 -0.0008624792098999023
  0.000010544839824433438 -0.0008623003959655762
  0.00003983606075053103 -0.0008621811866760254
  0.000016598358342889696 -0.0008618831634521484
  0.000016598358342889696 -0.0008615851402282715
  0.000014938522326701786 -0.0008613467216491699
  0.000014951629964343738 -0.0008611679077148438
  0.000019920005797757767 -0.0008608102798461914
  0.000014061180991120636 -0.0008605718612670898
  0.000017576476238900796 -0.0008602738380432129
  0.000014940004803065676 -0.0008600354194641113
  0.000011205003829672933 -0.0008598566055297852
  0.000020768537069670856 -0.0008594989776611328
  0.00001312344193138415 -0.0008592605590820312
  0.000014763872968615033 -0.0008590221405029297
  0.00001736926060402766 -0.0008587241172790527
  0.000013895408301323187 -0.0008584856986999512
  0.000014763872968615033 -0.0008582472801208496
  0.00001667415017436724 -0.0008579492568969727
  0.00001494087337050587 -0.0008577108383178711
  0.000016600972230662592 -0.0008574128150939941
  0.000013280777238833252 -0.0008571743965148926
  0.00001838876778492704 -0.000856935977935791
  0.000014061999536352232 -0.0008566975593566895
  0.00001642919596633874 -0.0008563995361328125
  0.000015909463400021195 -0.0008561611175537109
  0.00001325788616668433 -0.0008559226989746094
  0.00001864390287664719 -0.0008556246757507324
  0.000014037761502549984 -0.0008553862571716309
  0.00001325788616668433 -0.0008551478385925293
  0.000021111254682182334 -0.0008548498153686523
  0.000014020723938301671 -0.0008546113967895508
  0.000011172764061484486 -0.0008544325828552246
  0.000019862693079630844 -0.0008540749549865723
  0.000014897019354975782 -0.0008538365364074707
  0.000014897019354975782 -0.0008535981178283691
  0.00001329731003352208 -0.0008533596992492676
  0.000018634240404935554 -0.0008530616760253906
  0.000014907392142049503 -0.0008528232574462891
  0.000016563770259381272 -0.0008525252342224121
  0.000014907392142049503 -0.0008522868156433105
  0.000007453696071024751 -0.0008521676063537598
  0.000020155021047685295 -0.0008518099784851074
  0.000011953442481171805 -0.0008516311645507812
  0.000019922405044781044 -0.0008512735366821289
  0.00001120635170082096 -0.0008510947227478027
  0.000014941802874091081 -0.0008508563041687012
  0.000014344130249810405 -0.0008504986763000488
  0.000019482054995023645 -0.0008503198623657227
  0.000012558694834297057 -0.0008500814437866211
  0.000018641812857822515 -0.0008497834205627441
  0.000014036188076715916 -0.0008495450019836426
  0.000014913450286258012 -0.000849306583404541
  0.000015985184290912002 -0.0008488297462463379
  0.00001314836299570743 -0.0008487105369567871
  0.000014791908142797183 -0.0008484721183776855
  0.000014791908142797183 -0.0008482933044433594
  0.000014791908142797183 -0.0008480548858642578
  0.000013921796380600426 -0.0008478164672851562
  0.000017402244338882156 -0.0008475184440612793
  0.000016943415175774135 -0.0008472800254821777
  0.000011949836334679276 -0.0008470416069030762
  0.0000159331139002461 -0.0008468031883239746
  0.000013277594916871749 -0.000846564769744873
  0.000018671616999199614 -0.0008462667465209961
  0.000014937293599359691 -0.0008460283279418945
  0.000011988319783995394 -0.000845789909362793
  0.000017081072655855678 -0.0008455514907836914
  0.000013285279237607028 -0.0008453130722045898
  0.000019927920220652595 -0.0008450150489807129
  0.00001120945489674341 -0.0008448362350463867
  0.000017583457520231605 -0.0008445382118225098
  0.000014293417734734248 -0.0008442997932434082
  0.000013195202882343438 -0.0008440613746643066
  0.000014844603356323205 -0.0008438229560852051
  0.000015625899322913028 -0.0008435249328613281
  0.000011133452971989755 -0.000843346118927002
  0.00001696526123851072 -0.0008431077003479004
  0.000016258969480986707 -0.0008428096771240234
  0.000014946043847885448 -0.0008425712585449219
  0.000014946043847885448 -0.0008423328399658203
  0.000014066864423512015 -0.0008420944213867188
  0.000014946043847885448 -0.0008418560028076172
  0.000014946043847885448 -0.0008416175842285156
  0.00001324909408140229 -0.0008413791656494141
  0.00001406044884788571 -0.0008411407470703125
  0.00001493922718509566 -0.0008409023284912109
  0.00001406044884788571 -0.0008406639099121094
  0.00001406044884788571 -0.0008404254913330078
  0.000015935174815240316 -0.0008401870727539062
  0.000017512167687527835 -0.0008398890495300293
  0.000008874661034496967 -0.0008397102355957031
  0.00001479110142099671 -0.0008394718170166016
  0.000021130143068148755 -0.0008391737937927246
  0.00001314764449489303 -0.000838935375213623
  0.000013921036043029744 -0.0008386969566345215
  0.00001079163484973833 -0.0008385181427001953
  0.000018756056306301616 -0.0008382201194763184
  0.0000133376406665775 -0.0008379817008972168
  0.000014122207176114898 -0.0008377432823181152
  0.000015004844499344472 -0.0008375048637390137
  0.000012861295545008034 -0.0008373260498046875
  0.000014603658200940117 -0.0008370876312255859
  0.000012583479474415071 -0.0008368492126464844
  0.000018678603737498634 -0.0008365511894226074
  0.000010547916645009536 -0.0008363723754882812
  0.00001593907472852152 -0.0008361339569091797
  0.000010547916645009536 -0.0008359551429748535
  0.000018792672562994994 -0.0008355975151062012
  0.000013924201084591914 -0.0008353590965270996
  0.00001578076080477331 -0.000835120677947998
  0.000013924201084591914 -0.0008348822593688965
  0.000014794463822909165 -0.0008346438407897949
  0.000012458494893508032 -0.0008344054222106934
  0.000015845320376683958 -0.0008341670036315918
  0.000011205947885173373 -0.0008339881896972656
  0.000017577956896275282 -0.0008336901664733887
  0.000014062366062717047 -0.0008334517478942871
  0.000011205947885173373 -0.0008332729339599609
  0.00001572764631418977 -0.000832974910736084
  0.00001118943873734679 -0.0008327960968017578
  0.000018672533769859 -0.0008324980735778809
  0.000010544489668973256 -0.0008323192596435547
  0.000015933897884679027 -0.0008320808410644531
  0.000014059320164960809 -0.0008318424224853516
  0.000014938027561584022 -0.00083160400390625
  0.000014016362001711968 -0.0008313655853271484
  0.000013147749086783733 -0.0008311271667480469
  0.000014791216926823836 -0.0008308887481689453
  0.000014086874216445722 -0.0008305907249450684
  0.00001577729926793836 -0.0008303523063659668
  0.00000788864963396918 -0.000830233097076416
  0.000015960804375936277 -0.0008299946784973145
  0.000014075378203415312 -0.0008297562599182129
  0.000013293412848724984 -0.0008295178413391113
  0.000014955089682189282 -0.0008292794227600098
  0.000014955089682189282 -0.0008290410041809082
  0.00001259375949302921 -0.0008288025856018066
  0.00001272397639695555 -0.0008286237716674805
  0.000016600604794803075 -0.0008283257484436035
  0.00001054626682162052 -0.0008281469345092773
  0.000015936580894049257 -0.0008279085159301758
  0.000014061689398658928 -0.0008276700973510742
  0.000014940543223929126 -0.0008274316787719727
  0.000012184003935544752 -0.0008271932601928711
  0.000011142043149448 -0.0008270144462585449
  0.000016506732208654284 -0.000826716423034668
  0.000011884846571774688 -0.0008265376091003418
  0.000014856057532597333 -0.0008262991905212402
  0.000014856057532597333 -0.0008260607719421387
  0.000014889889826008584 -0.0008258223533630371
  0.000013209915778134018 -0.0008255839347839355
  0.000011145865755679552 -0.0008254051208496094
  0.000013209915778134018 -0.0008251667022705078
  0.000014861154340906069 -0.0008249282836914062
  0.000014861154340906069 -0.0008246898651123047
  0.000009387218597112224 -0.0008245110511779785
  0.000015997693481040187 -0.000824272632598877
  0.000013331411537365057 -0.0008240342140197754
  0.000015997693481040187 -0.0008237957954406738
  0.000013331411537365057 -0.0008235573768615723
  0.000014997836842667311 -0.0008233189582824707
  0.000013081707948003896 -0.0008230805397033691
  0.000009876812328002416 -0.000822901725769043
  0.000015802899724803865 -0.0008226633071899414
  0.000014815217582508922 -0.0008224248886108398
  0.000013943735211796593 -0.0008221864700317383
  0.000015802899724803865 -0.0008219480514526367
  0.000009827022950048558 -0.0008217692375183105
  0.00001707403498585336 -0.000821530818939209
  0.000010545727491262369 -0.0008213520050048828
  0.000011951824490097351 -0.0008211135864257812
  0.00001707403498585336 -0.0008208751678466797
  0.000014060969078855123 -0.0008206367492675781
  0.000013275534001877531 -0.0008203983306884766
  0.000011204239854123443 -0.0008202195167541504
  0.000015934918337734416 -0.0008199810981750488
  0.000011382085176592227 -0.0008197426795959473
   ▶ 0 -0.0008197426795959473 (x704)
  -191.73130798339844 -5.723320484161377
  -205.42640686035156 -7.358320713043213
  -209.85299682617188 -13.898321151733398
  -202.89027404785156 -15.533321380615234
  -195.89382934570312 -21.255815505981445
  -187.28311157226562 -26.160810470581055
  -202.89002990722656 -27.795808792114258
  -183.7235107421875 -33.518306732177734
  -189.1559295654297 -35.97080993652344
  -204.91891479492188 -41.69331741333008
  -163.9351348876953 -43.32831954956055
  -220.68191528320312 -49.05082702636719
  -184.6701202392578 -53.955833435058594
  -148.19627380371094 -55.59083557128906
  -217.35452270507812 -62.13084411621094
  -181.12876892089844 -63.765846252441406
  -190.18431091308594 -69.48832702636719
  -182.49502563476562 -71.12332153320312
  -224.6442413330078 -73.57581329345703
  -205.9239044189453 -76.8458023071289
  -205.92388916015625 -79.29829406738281
  -193.81072998046875 -82.56828308105469
  -193.81072998046875 -85.83827209472656
  -154.4429168701172 -88.29076385498047
  -207.5497589111328 -92.37825012207031
  -202.49937438964844 -95.64823913574219
  -215.99932861328125 -98.91822814941406
  -202.49937438964844 -102.18821716308594
  -190.58763122558594 -105.45820617675781
  -190.58763122558594 -108.72819519042969
  -199.8766326904297 -111.99818420410156
  -183.03314208984375 -115.26817321777344
  -235.32830810546875 -118.53816223144531
  -193.79978942871094 -121.80815124511719
  -173.39981079101562 -125.07814025878906
  -205.9122772216797 -128.34812927246094
  -198.66064453125 -131.61814880371094
  -190.97410583496094 -134.88816833496094
  -190.97410583496094 -138.15818786621094
  -190.97410583496094 -141.42820739746094
  -180.36444091796875 -144.69822692871094
  -216.4373321533203 -147.96824645996094
  -224.70736694335938 -151.23826599121094
  -154.4224090576172 -153.69078063964844
  -242.2312469482422 -157.77830505371094
  -183.0191650390625 -161.04832458496094
  -164.7172393798828 -163.50083923339844
  -193.78500366210938 -166.77085876464844
  -221.85040283203125 -170.85838317871094
  -202.93458557128906 -174.12840270996094
  -190.99725341796875 -177.39842224121094
  -202.93458557128906 -180.66844177246094
  -170.89227294921875 -183.93846130371094
  -231.9252166748047 -187.20848083496094
  -180.87548828125 -190.47850036621094
  -192.87002563476562 -193.74851989746094
  -218.58602905273438 -197.01853942871094
  -204.92437744140625 -200.28855895996094
  -172.56790161132812 -203.55857849121094
  -182.15501403808594 -206.82859802246094
  -209.61068725585938 -210.09861755371094
  -164.4792938232422 -212.55113220214844
  -193.50506591796875 -215.82115173339844
  -219.3057403564453 -219.09117126464844
  -216.42013549804688 -223.17869567871094
  -164.4792938232422 -225.63121032714844
  -223.06143188476562 -229.71873474121094
  -202.8795623779297 -232.98875427246094
  -180.33740234375 -236.25877380371094
  -190.9454803466797 -239.52879333496094
  -216.40489196777344 -242.79881286621094
  -180.33740234375 -246.06883239746094
  -197.5426483154297 -249.33885192871094
  -193.73190307617188 -252.60887145996094
  -193.73190307617188 -255.87889099121094
  -176.43331909179688 -258.3313903808594
  -193.73190307617188 -261.6014099121094
  -219.5628204345703 -264.8714294433594
  -221.20399475097656 -268.9589538574219
  -190.8318328857422 -272.2289733886719
  -190.8318328857422 -275.4989929199219
  -190.8318328857422 -278.7690124511719
  -202.75881958007812 -282.0390319824219
  -190.8318328857422 -285.3090515136719
  -196.9654541015625 -288.5790710449219
  -164.5370635986328 -291.0315856933594
  -228.52371215820312 -295.1191101074219
  -182.8189697265625 -298.3891296386719
  -205.67132568359375 -301.6591491699219
  -164.5370635986328 -304.1116638183594
  -229.18170166015625 -308.1991882324219
  -203.86453247070312 -311.4692077636719
  -181.21290588378906 -314.7392272949219
  -191.8724822998047 -318.0092468261719
  -217.4554901123047 -321.2792663574219
  -152.8983917236328 -323.7317810058594
  -241.72442626953125 -327.8193054199219
  -181.43968200683594 -331.0893249511719
  -181.43968200683594 -334.3593444824219
  -217.7276153564453 -337.6293640136719
  -192.11260986328125 -340.8993835449219
  -204.11964416503906 -344.1694030761719
  -201.2710418701172 -347.4394226074219
  -171.5238037109375 -350.7094421386719
  -232.78228759765625 -353.9794616699219
  -191.70306396484375 -357.2494812011719
  -191.70306396484375 -360.5195007324219
  -203.68450927734375 -363.7895202636719
  -177.59544372558594 -367.0595397949219
  -204.9169921875 -370.3295593261719
  -204.9169921875 -373.5995788574219
  -204.9169921875 -376.8695983886719
  -172.56167602539062 -380.1396179199219
  -218.57814025878906 -383.4096374511719
  -182.15940856933594 -386.6796569824219
  -218.580322265625 -389.9496765136719
  -192.86497497558594 -393.2196960449219
  -153.6892852783203 -395.6722106933594
  -241.0812225341797 -399.7597351074219
  -182.1502685546875 -403.0297546386719
  -210.4291229248047 -406.2997741699219
  -143.86016845703125 -408.7522888183594
  -214.52833557128906 -412.8398132324219
  -217.38870239257812 -416.1098327636719
  -203.80191040039062 -419.3798522949219
  -191.8135528564453 -422.6498718261719
  -187.55355834960938 -425.9198913574219
  -182.1928253173828 -429.1899108886719
  -234.2479248046875 -432.4599304199219
  -172.60374450683594 -435.7299499511719
  -204.96694946289062 -438.9999694824219
  -218.6313934326172 -442.2699890136719
  -181.17953491210938 -445.5400085449219
  -190.94586181640625 -448.8100280761719
  -180.3377685546875 -452.0800476074219
  -190.94586181640625 -455.3500671386719
  -202.87998962402344 -458.6200866699219
  -231.8628387451172 -461.8901062011719
  -180.93093872070312 -465.1601257324219
  -218.54832458496094 -468.4301452636719
  -204.88905334472656 -471.7001647949219
  -172.5381622314453 -474.9701843261719
  -204.88905334472656 -478.2402038574219
  -163.91123962402344 -480.6927185058594
  -241.60626220703125 -484.7802429199219
  -182.19137573242188 -488.0502624511719
  -204.9652862548828 -491.3202819824219
  -192.90850830078125 -494.5903015136719
  -195.2050323486328 -498.6778259277344
  -175.68453979492188 -501.1303405761719
  -209.30230712890625 -504.4003601074219
  -164.47715759277344 -506.8528747558594
  -205.59645080566406 -510.1228942871094
  -216.41567993164062 -514.2103881835938
  -154.19732666015625 -516.6629028320312
  -241.87815856933594 -520.7504272460938
  -169.0336456298828 -524.0204467773438
  -216.40252685546875 -527.2904663085938
  -202.8773651123047 -530.5604858398438
  -202.8773651123047 -533.8305053710938
  -180.33543395996094 -537.1005249023438
  -202.8773651123047 -540.3705444335938
  -217.32688903808594 -543.6405639648438
  -182.16360473632812 -546.9105834960938
  -192.87911987304688 -550.1806030273438
  -182.16360473632812 -553.4506225585938
  -234.21035766601562 -556.7206420898438
  -192.87911987304688 -559.9906616210938
  -153.6954345703125 -562.4431762695312
  -204.93301391601562 -566.5307006835938
  -218.59523010253906 -569.8007202148438
  -204.93301391601562 -573.0707397460938
  -153.69976806640625 -575.5232543945312
  -241.09767150878906 -579.6107788085938
  -191.84579467773438 -582.8807983398438
  -152.1332550048828 -585.3333129882812
  -238.64041137695312 -589.4208374023438
  -190.91232299804688 -592.6908569335938
  -190.91232299804688 -595.9608764648438
  -202.84432983398438 -599.2308959960938
  -181.15489196777344 -602.5009155273438
  -204.90158081054688 -605.7709350585938
  -192.8485565185547 -609.0409545898438
  -204.90158081054688 -612.3109741210938
  -192.8485565185547 -615.5809936523438
  -204.90158081054688 -618.8510131835938
  -194.2372589111328 -622.1210327148438
  -205.1345977783203 -625.3910522460938
  -193.06785583496094 -628.6610717773438
  -182.3418731689453 -631.9310913085938
  -193.06785583496094 -635.2011108398438
  -218.81024169921875 -638.4711303710938
  -185.39401245117188 -641.7411499023438
  -181.15057373046875 -645.0111694335938
  68711.7265625 319.699462890625
  -239.75808715820312 315.6119384765625
  -171.61631774902344 312.3419189453125
  -232.90786743164062 309.0718994140625
  -148.58966064453125 306.619384765625
  -227.60134887695312 302.5318603515625
  -204.84121704101562 299.2618408203125
  -182.08106994628906 295.9918212890625
  -204.84121704101562 292.7218017578125
  -192.79171752929688 289.4517822265625
  -186.6416473388672 286.1817626953125
  -181.14154052734375 282.9117431640625
  -232.89625549316406 279.6417236328125
  -203.78424072265625 276.3717041015625
  -191.7969207763672 273.1016845703125
  -181.14154052734375 269.8316650390625
  -210.7183837890625 266.5616455078125
  -172.4563751220703 263.2916259765625
  -234.04794311523438 260.0216064453125
  -144.55902099609375 257.569091796875
  -240.93170166015625 253.4815673828125
  -204.7919464111328 250.2115478515625
  -193.07778930664062 246.9415283203125
  -204.84799194335938 243.6715087890625
  -182.08709716796875 240.4014892578125
  -192.79811096191406 237.1314697265625
  -163.87838745117188 234.678955078125
  -240.99765014648438 230.5914306640625
  -172.61968994140625 227.3214111328125
  -204.87200927734375 224.0513916015625
  -204.87200927734375 220.7813720703125
  -163.89759826660156 218.328857421875
  -192.82070922851562 215.058837890625
  -209.6968994140625 206.8837890625
  -173.9130096435547 204.4312744140625
  -216.42507934570312 201.1612548828125
  -180.35423278808594 197.8912353515625
  -190.9633026123047 194.6212158203125
  -216.42507934570312 191.3511962890625
  -207.65646362304688 188.0811767578125
  -154.142578125 185.628662109375
  -241.7922821044922 181.5411376953125
  -182.68751525878906 178.2711181640625
  -164.41876220703125 175.818603515625
  -205.5234375 172.548583984375
  -201.5317840576172 168.4610595703125
  -202.90052795410156 165.1910400390625
  -202.90052795410156 161.9210205078125
  -202.90052795410156 158.6510009765625
  -190.96519470214844 155.3809814453125
  -180.3560333251953 152.1109619140625
  -217.23834228515625 148.8409423828125
  -204.92294311523438 145.5709228515625
  -192.86866760253906 142.3009033203125
  -192.86866760253906 139.0308837890625
  -182.1537322998047 135.7608642578125
  -204.92294311523438 132.4908447265625
  -182.19244384765625 129.2208251953125
  -204.9287109375 125.9508285522461
  -192.87362670898438 122.68083953857422
  -218.59011840820312 119.41085052490234
  -192.87362670898438 116.14086151123047
  -192.87362670898438 112.8708724975586
  -183.84878540039062 109.60088348388672
  -216.91404724121094 106.33089447021484
  -191.39474487304688 103.06090545654297
  -203.35691833496094 99.7909164428711
  -180.76170349121094 96.52092742919922
  -180.76170349121094 93.25093841552734
  -246.63723754882812 89.98094940185547
  -182.14967346191406 86.7109603881836
  -192.86434936523438 83.44097137451172
  -163.9346923828125 80.98847961425781
  -227.6870880126953 76.90099334716797
  -204.9183807373047 73.6310043334961
  -193.00320434570312 70.36101531982422
  -204.94180297851562 67.09102630615234
  -172.582763671875 63.8210334777832
  -204.9427490234375 60.551029205322266
  -192.88729858398438 57.28102493286133
  -204.9427490234375 54.01102066040039
  -179.7848358154297 50.74101638793945
  -218.12745666503906 47.471012115478516
  -181.77288818359375 44.20100784301758
  -218.12745666503906 40.93100357055664
  -172.2058868408203 37.6609992980957
  -233.70797729492188 34.390995025634766
  -183.99514770507812 31.120994567871094
  -192.85321044921875 27.850997924804688
  -192.85321044921875 24.58100128173828
  -175.63417053222656 22.128503799438477
  -215.69107055664062 18.04100799560547
  -163.92527770996094 15.588509559631348
  -197.45079040527344 12.318509101867676
  -214.46890258789062 8.231008529663086
  -217.3284912109375 4.961008071899414
  -203.74546813964844 1.6910076141357422
  -191.7604217529297 -1.5789926052093506
  -181.1070556640625 -4.848992824554443
  -158.80140686035156 -7.301493167877197
  -227.66844177246094 -11.388993263244629
  -175.62997436523438 -13.841493606567383
  -192.8484649658203 -17.111492156982422
  -192.84835815429688 -20.381488800048828
  -204.90138244628906 -24.468984603881836
  -204.1890106201172 -27.738981246948242
  -190.98130798339844 -31.00897789001465
  -202.91799926757812 -34.27898025512695
  -216.4459991455078 -37.54898452758789
  -193.25534057617188 -41.63648986816406
  -162.33448791503906 -44.088993072509766
  -217.20098876953125 -47.3589973449707
  -192.86061096191406 -50.62900161743164
  -204.91441345214844 -53.89900588989258
  -195.1565704345703 -57.98651123046875
  -163.9315185546875 -60.43901443481445
  -213.3547821044922 -65.3440170288086
  -204.8099365234375 -66.97901153564453
  -192.76229858398438 -70.2490005493164
  -204.8099365234375 -73.51898956298828
  -204.8099365234375 -77.60647583007812
  -144.57171630859375 -80.05896759033203
  -273.0799255371094 -83.3289566040039
  -193.46273803710938 -86.59894561767578
  -153.6958770751953 -89.05143737792969
  -241.091552734375 -93.13892364501953
  -182.15806579589844 -96.4089126586914
  -163.9422607421875 -98.86140441894531
  -192.8732452392578 -102.13139343261719
  -240.24212646484375 -106.21887969970703
  -143.22256469726562 -108.67137145996094
  -238.7042694091797 -112.75885772705078
  -202.8986358642578 -116.02884674072266
  -162.31890869140625 -119.29883575439453
  -231.8841552734375 -122.5688247680664
  -203.62490844726562 -125.83881378173828
  -182.154296875 -129.1088104248047
  -204.9250030517578 -132.3788299560547
  -153.69375610351562 -134.8313446044922
  -241.08824157714844 -138.9188690185547
  -204.9250030517578 -142.1888885498047
  -153.6345672607422 -144.6414031982422
  -215.69798278808594 -148.7289276123047
  -218.573974609375 -151.9989471435547
  -182.14495849609375 -155.2689666748047
  -163.93048095703125 -157.7214813232422
  -241.07423400878906 -161.8090057373047
  -144.53599548339844 -164.2615203857422
  -227.65403747558594 -168.3490447998047
  -163.91091918945312 -170.8015594482422
  -241.04547119140625 -174.8890838623047
  -153.66648864746094 -177.3415985107422
  -182.12322998046875 -180.6116180419922
  -255.74961853027344 -184.6991424560547
  -170.8892059326172 -187.9691619873047
  -202.9309539794922 -191.2391815185547
  -202.9309539794922 -194.5092010498047
  -162.34475708007812 -197.7792205810547
  -249.76116943359375 -201.0492401123047
  -162.70648193359375 -203.5017547607422
  -241.09259033203125 -207.5892791748047
  -153.696533203125 -210.0417938232422
  -192.8740692138672 -213.3118133544922
  -227.6985626220703 -217.3993377685547
  -153.696533203125 -219.8518524169922
  -227.56988525390625 -223.9393768310547
  -192.85589599609375 -227.2093963623047
  -192.85589599609375 -230.4794158935547
  -192.85589599609375 -233.7494354248047
  -189.1471405029297 -236.2019500732422
  -192.85589599609375 -239.4719696044922
  -204.20973205566406 -243.5594940185547
  -190.96652221679688 -246.8295135498047
  -216.42874145507812 -250.0995330810547
  -187.29371643066406 -257.4570617675781
  -202.9019317626953 -259.9095764160156